hih1=1.455 Number of points =130
     0.100000000E+00     0.100000000E-04     0.172126154E+00     0.130419166E-05     0.234334530E-01
     0.100000000E+00     0.177828000E-04     0.298519237E+00     0.408165731E-05     0.231034710E+00
     0.100000000E+00     0.316228000E-04     0.440566405E+00     0.108934310E-04     0.176528443E+01
     0.100000000E+00     0.562341000E-04     0.532942193E+00     0.241737768E-04     0.704569159E+01
     0.100000000E+00     0.100000000E-03     0.588990593E+00     0.449677267E-04     0.140023469E+02
     0.100000000E+00     0.177827900E-03     0.652839840E+00     0.947234040E-04     0.249305831E+02
     0.100000000E+00     0.316227800E-03     0.721716798E+00     0.204532733E-03     0.387800618E+02
     0.100000000E+00     0.562341300E-03     0.801813237E+00     0.459166798E-03     0.525289461E+02
     0.100000000E+00     0.100000000E-02     0.898196679E+00     0.105745242E-02     0.552057441E+02
     0.100000000E+00     0.177827940E-02     0.993072095E+00     0.216333456E-02     0.181037180E+02
     0.100000000E+00     0.316227770E-02     0.100027251E+01     0.225509515E-02     0.283541836E-10
     0.100000000E+00     0.562341330E-02     0.100026286E+01     0.224005343E-02     0.279406633E-10
     0.100000000E+00     0.100000000E-01     0.100024638E+01     0.221240633E-02     0.279414663E-10
     0.200000000E+00     0.100000000E-04     0.154969532E+00     0.576315254E-06     0.190148921E-01
     0.200000000E+00     0.177828000E-04     0.270523525E+00     0.181514768E-05     0.189475704E+00
     0.200000000E+00     0.316228000E-04     0.407189329E+00     0.492940985E-05     0.151584723E+01
     0.200000000E+00     0.562341000E-04     0.497778566E+00     0.109108657E-04     0.656896860E+01
     0.200000000E+00     0.100000000E-03     0.550464114E+00     0.199087077E-04     0.137057310E+02
     0.200000000E+00     0.177827900E-03     0.608191867E+00     0.404497488E-04     0.257734750E+02
     0.200000000E+00     0.316227800E-03     0.667416244E+00     0.830203670E-04     0.435983974E+02
     0.200000000E+00     0.562341300E-03     0.732214018E+00     0.175738692E-03     0.674919802E+02
     0.200000000E+00     0.100000000E-02     0.807323992E+00     0.388931099E-03     0.921983945E+02
     0.200000000E+00     0.177827940E-02     0.897519521E+00     0.889324065E-03     0.994447394E+02
     0.200000000E+00     0.316227770E-02     0.989571308E+00     0.185028524E-02     0.421625426E+02
     0.200000000E+00     0.562341330E-02     0.100061276E+01     0.200153026E-02     0.279799166E-10
     0.200000000E+00     0.100000000E-01     0.100060443E+01     0.199236098E-02     0.279419491E-10
     0.300000000E+00     0.100000000E-04     0.146021339E+00     0.358026599E-06     0.168894333E-01
     0.300000000E+00     0.177828000E-04     0.255733047E+00     0.113122600E-05     0.169123305E+00
     0.300000000E+00     0.316228000E-04     0.389222537E+00     0.310498957E-05     0.138216470E+01
     0.300000000E+00     0.562341000E-04     0.479262407E+00     0.690075146E-05     0.624629480E+01
     0.300000000E+00     0.100000000E-03     0.530648891E+00     0.125411818E-04     0.133462469E+02
     0.300000000E+00     0.177827900E-03     0.586042136E+00     0.252252124E-04     0.256035452E+02
     0.300000000E+00     0.316227800E-03     0.641800845E+00     0.508543065E-04     0.446625641E+02
     0.300000000E+00     0.562341300E-03     0.701008193E+00     0.104648075E-03     0.728106411E+02
     0.300000000E+00     0.100000000E-02     0.767218450E+00     0.223913622E-03     0.108008064E+03
     0.300000000E+00     0.177827940E-02     0.845323972E+00     0.501388883E-03     0.137664493E+03
     0.300000000E+00     0.316227770E-02     0.937708895E+00     0.113564278E-02     0.124224686E+03
     0.300000000E+00     0.562341330E-02     0.100080020E+01     0.187731003E-02     0.493981004E-02
     0.300000000E+00     0.100000000E-01     0.100074070E+01     0.187041262E-02     0.279385430E-10
     0.400000000E+00     0.100000000E-04     0.140045451E+00     0.254370519E-06     0.155392306E-01
     0.400000000E+00     0.177828000E-04     0.245783696E+00     0.805378596E-06     0.156088377E+00
     0.400000000E+00     0.316228000E-04     0.376963185E+00     0.222731301E-05     0.129311807E+01
     0.400000000E+00     0.562341000E-04     0.466714414E+00     0.497088744E-05     0.601170411E+01
     0.400000000E+00     0.100000000E-03     0.517334676E+00     0.902343114E-05     0.130530740E+02
     0.400000000E+00     0.177827900E-03     0.571357865E+00     0.180727195E-04     0.253168647E+02
     0.400000000E+00     0.316227800E-03     0.625214114E+00     0.361294236E-04     0.448463037E+02
     0.400000000E+00     0.562341300E-03     0.681460712E+00     0.732057644E-04     0.752130661E+02
     0.400000000E+00     0.100000000E-02     0.742836407E+00     0.153154071E-03     0.116767822E+03
     0.400000000E+00     0.177827940E-02     0.813579395E+00     0.335364063E-03     0.160803105E+03
     0.400000000E+00     0.316227770E-02     0.898246805E+00     0.761044112E-03     0.176934505E+03
     0.400000000E+00     0.562341330E-02     0.986743314E+00     0.159805708E-02     0.862480179E+02
     0.400000000E+00     0.100000000E-01     0.100081471E+01     0.178521801E-02     0.252801161E-10
     0.500000000E+00     0.100000000E-04     0.135903586E+00     0.197589201E-06     0.146360644E-01
     0.500000000E+00     0.177828000E-04     0.238854401E+00     0.626484561E-06     0.147324883E+00
     0.500000000E+00     0.316228000E-04     0.368332644E+00     0.174193203E-05     0.123180852E+01
     0.500000000E+00     0.562341000E-04     0.457907111E+00     0.390118627E-05     0.584180864E+01
     0.500000000E+00     0.100000000E-03     0.508030729E+00     0.707982152E-05     0.128300419E+02
     0.500000000E+00     0.177827900E-03     0.561163436E+00     0.141510690E-04     0.250544269E+02
     0.500000000E+00     0.316227800E-03     0.613842048E+00     0.281668822E-04     0.447578706E+02
     0.500000000E+00     0.562341300E-03     0.668337814E+00     0.565758210E-04     0.763150237E+02
     0.500000000E+00     0.100000000E-02     0.726856040E+00     0.116673505E-03     0.121841768E+03
     0.500000000E+00     0.177827940E-02     0.793062939E+00     0.251184988E-03     0.175460776E+03
     0.500000000E+00     0.316227770E-02     0.871724260E+00     0.564806101E-03     0.211864986E+03
     0.500000000E+00     0.562341330E-02     0.961878019E+00     0.125283676E-02     0.160328329E+03
     0.500000000E+00     0.100000000E-01     0.100088089E+01     0.172218565E-02     0.181586995E-09
     0.600000000E+00     0.100000000E-04     0.132375011E+00     0.156565216E-06     0.138877225E-01
     0.600000000E+00     0.177828000E-04     0.232929620E+00     0.497013145E-06     0.140036803E+00
     0.600000000E+00     0.316228000E-04     0.360888674E+00     0.138845899E-05     0.117994433E+01
     0.600000000E+00     0.562341000E-04     0.450322447E+00     0.311988407E-05     0.569288081E+01
     0.600000000E+00     0.100000000E-03     0.500040688E+00     0.566231733E-05     0.126289189E+02
     0.600000000E+00     0.177827900E-03     0.552441745E+00     0.113036304E-04     0.247967283E+02
     0.600000000E+00     0.316227800E-03     0.604185421E+00     0.224354943E-04     0.445621388E+02
     0.600000000E+00     0.562341300E-03     0.657350218E+00     0.447923860E-04     0.769000382E+02
     0.600000000E+00     0.100000000E-02     0.713723418E+00     0.913757140E-04     0.125460046E+03
     0.600000000E+00     0.177827940E-02     0.776450304E+00     0.193936194E-03     0.186943040E+03
     0.600000000E+00     0.316227770E-02     0.850087271E+00     0.431258963E-03     0.240432259E+03
     0.600000000E+00     0.562341330E-02     0.937176725E+00     0.974057679E-03     0.223048190E+03
     0.600000000E+00     0.100000000E-01     0.100096406E+01     0.166550228E-02     0.157500018E+01
     0.700000000E+00     0.100000000E-04     0.129570601E+00     0.126682041E-06     0.133067323E-01
     0.700000000E+00     0.177828000E-04     0.228206506E+00     0.402559182E-06     0.134361095E+00
     0.700000000E+00     0.316228000E-04     0.354909588E+00     0.112895215E-05     0.113899363E+01
     0.700000000E+00     0.562341000E-04     0.444235868E+00     0.254402626E-05     0.557188483E+01
     0.700000000E+00     0.100000000E-03     0.493641730E+00     0.461815593E-05     0.124622622E+02
     0.700000000E+00     0.177827900E-03     0.545473787E+00     0.921272965E-05     0.245722697E+02
     0.700000000E+00     0.316227800E-03     0.596507796E+00     0.182551575E-04     0.443373149E+02
     0.700000000E+00     0.562341300E-03     0.648699850E+00     0.363118889E-04     0.771475162E+02
     0.700000000E+00     0.100000000E-02     0.703533262E+00     0.735512612E-04     0.127863806E+03
     0.700000000E+00     0.177827940E-02     0.763728150E+00     0.154552758E-03     0.195395054E+03
     0.700000000E+00     0.316227770E-02     0.833528496E+00     0.340692717E-03     0.262423172E+03
     0.700000000E+00     0.562341330E-02     0.916785430E+00     0.774035289E-03     0.272703664E+03
     0.700000000E+00     0.100000000E-01     0.996245324E+00     0.154786214E-02     0.841189205E+02
     0.800000000E+00     0.100000000E-04     0.127312934E+00     0.100599610E-06     0.128476604E-01
     0.800000000E+00     0.177828000E-04     0.224394369E+00     0.320019455E-06     0.129863691E+00
     0.800000000E+00     0.316228000E-04     0.350053110E+00     0.900555022E-06     0.110616788E+01
     0.800000000E+00     0.562341000E-04     0.439295080E+00     0.203434744E-05     0.547257839E+01
     0.800000000E+00     0.100000000E-03     0.488454830E+00     0.369376413E-05     0.123234033E+02
     0.800000000E+00     0.177827900E-03     0.539833155E+00     0.736651807E-05     0.243792184E+02
     0.800000000E+00     0.316227800E-03     0.590308827E+00     0.145880149E-04     0.441155365E+02
     0.800000000E+00     0.562341300E-03     0.641755360E+00     0.289748040E-04     0.772196358E+02
     0.800000000E+00     0.100000000E-02     0.695426494E+00     0.585087783E-04     0.129521515E+03
     0.800000000E+00     0.177827940E-02     0.753690061E+00     0.122429351E-03     0.201866700E+03
     0.800000000E+00     0.316227770E-02     0.820467097E+00     0.269233316E-03     0.280027447E+03
     0.800000000E+00     0.562341330E-02     0.900095164E+00     0.615812671E-03     0.313419238E+03
     0.800000000E+00     0.100000000E-01     0.984822788E+00     0.131496389E-02     0.169431801E+03
     0.900000000E+00     0.100000000E-04     0.125607583E+00     0.627951218E-07     0.125050180E-01
     0.900000000E+00     0.177828000E-04     0.221505767E+00     0.200464099E-06     0.126491086E+00
     0.900000000E+00     0.316228000E-04     0.346352259E+00     0.567224158E-06     0.108121497E+01
     0.900000000E+00     0.562341000E-04     0.435534154E+00     0.128424422E-05     0.539512017E+01
     0.900000000E+00     0.100000000E-03     0.484509996E+00     0.233143167E-05     0.122131396E+02
     0.900000000E+00     0.177827900E-03     0.535540184E+00     0.465479519E-05     0.242214942E+02
     0.900000000E+00     0.316227800E-03     0.585583836E+00     0.925513767E-05     0.439188981E+02
     0.900000000E+00     0.562341300E-03     0.636452176E+00     0.185316402E-04     0.772115264E+02
     0.900000000E+00     0.100000000E-02     0.689215944E+00     0.379582116E-04     0.130720259E+03
     0.900000000E+00     0.177827940E-02     0.745941379E+00     0.813201908E-04     0.207028248E+03
     0.900000000E+00     0.316227770E-02     0.810235901E+00     0.185022531E-03     0.294680664E+03
     0.900000000E+00     0.562341330E-02     0.886570078E+00     0.441540568E-03     0.348041379E+03
     0.900000000E+00     0.100000000E-01     0.972275479E+00     0.101312142E-02     0.242364425E+03
     0.100000000E+01     0.100000000E-04     0.166556482E+00    -0.877180981E-02     0.159323437E-01
     0.100000000E+01     0.177828000E-04     0.264682581E+00    -0.992794748E-02     0.125697854E+00
     0.100000000E+01     0.316228000E-04     0.379863936E+00    -0.111559665E-01     0.925952779E+00
     0.100000000E+01     0.562341000E-04     0.458186465E+00    -0.110377888E-01     0.521241511E+01
     0.100000000E+01     0.100000000E-03     0.501128889E+00    -0.100528159E-01     0.122543877E+02
     0.100000000E+01     0.177827900E-03     0.547417966E+00    -0.843290935E-02     0.243923041E+02
     0.100000000E+01     0.316227800E-03     0.594052439E+00    -0.675476057E-02     0.441959159E+02
     0.100000000E+01     0.562341300E-03     0.642238432E+00    -0.528912304E-02     0.777841539E+02
     0.100000000E+01     0.100000000E-02     0.692601324E+00    -0.416239805E-02     0.132424941E+03
     0.100000000E+01     0.177827940E-02     0.746747502E+00    -0.339219974E-02     0.212086113E+03
     0.100000000E+01     0.316227770E-02     0.807840366E+00    -0.291609798E-02     0.307236122E+03
     0.100000000E+01     0.562341330E-02     0.880221349E+00    -0.263142765E-02     0.376177750E+03
     0.100000000E+01     0.100000000E-01     0.963758424E+00    -0.220162456E-02     0.302320418E+03
